#[event number] [num events] [num hit detectors] [ID1.chan] [JD1] [Rising edge 1], [ID2.chan] [JD2] [Rising edge 2], ...
#gatewidth=1.15740740740741e-11 (1000 nanoseconds), detector coincidence=2, channel coincidence=2, event coincidence=2
Evnt	#HitDAQ1	#HitDAQ2	MinFracDay	JulDay	SSDB	eventDateTime	6119.1FracDay	6119.1nsAfter1stHit	6119.2FracDay	6119.2nsAfter1stHit	6119.3FracDay	6119.3nsAfter1stHit	6119.4FracDay	6119.4nsAfter1stHit	6148.1FracDay	6148.1nsAfter1stHit	6148.2FracDay	6148.2nsAfter1stHit	6148.3FracDay	6148.3nsAfter1stHit	6148.4FracDay	6148.4nsAfter1stHit
1	4	2	0.4733666558919711	2457067	40898.8790690663	Feb 13, 2015 23:21:38 UTC	0.4733666558920290	5.002	0.4733666558919856	1.257	0.4733666558919711	0.0	0.4733666558920144	3.741	0.4733666558949270	255.391	0.4733666558948252	246.595	-1	-1	-1	-1	
2	4	2	0.4784243013454433	2457067	41335.8596362463	Feb 13, 2015 23:28:55 UTC	0.4784243013455157	6.259	0.4784243013454578	1.257	0.4784243013454723	2.508	0.4784243013454433	0.0	0.4784243013487899	289.146	0.4784243013483265	249.108	-1	-1	-1	-1	
3	4	4	0.4805810863670723	2457067	41522.20586211505	Feb 13, 2015 23:32:02 UTC	0.4805810863671013	2.504	0.4805810863670723	0.0	0.4805810863670723	0.0	0.4805810863670867	1.242	0.4805810863705926	304.154	0.4805810863705630	301.597	0.4805810863706187	306.408	0.4805810863705318	298.902	
4	4	2	0.4888064703068438	2457067	42232.87903451131	Feb 13, 2015 23:43:52 UTC	0.4888064703068438	0.0	0.4888064703068726	2.484	0.4888064703068438	0.0	0.4888064703068438	0.0	0.4888064703098431	259.137	-1	-1	-1	-1	0.4888064703097101	247.645	
5	4	2	0.4909980955641354	2457067	42422.2354567413	Feb 13, 2015 23:47:02 UTC	0.4909980955641642	2.489	0.4909980955641354	0.0	0.4909980955641354	0.0	0.4909980955641354	0.0	0.4909980955671494	260.412	0.4909980955671487	260.35	-1	-1	-1	-1	
6	4	3	0.501031374944286	2457067	43289.11079518631	Feb 14, 2015 00:01:29 UTC	0.5010313749443148	2.494	0.5010313749442860	0.0	0.5010313749442860	0.0	0.5010313749443004	1.247	0.5010313749476759	292.892	0.5010313749476030	286.59	0.5010313749478755	310.139	-1	-1	
7	4	3	0.5016605524033426	2457067	43343.4717276488	Feb 14, 2015 00:02:23 UTC	0.5016605524033860	3.751	0.5016605524033715	2.494	0.5016605524033426	0.0	0.5016605524033572	1.257	0.5016605524069786	314.149	-1	-1	0.5016605524069323	310.149	0.5016605524069467	311.396	
8	4	2	0.5043411165469914	2457067	43575.07246966006	Feb 14, 2015 00:06:15 UTC	0.5043411165469914	0.0	0.5043411165470059	1.247	0.5043411165470059	1.247	0.5043411165469914	0.0	0.5043411165503958	294.139	0.5043411165502650	282.839	-1	-1	-1	-1	
9	4	2	0.5063299052963114	2457067	43746.903817601305	Feb 14, 2015 00:09:06 UTC	0.5063299052963547	3.741	0.5063299052963258	1.247	0.5063299052963547	3.741	0.5063299052963114	0.0	0.5063299052997882	300.393	0.5063299052996284	286.59	-1	-1	-1	-1	
10	4	2	0.507389861630831	2457067	43838.484044903795	Feb 14, 2015 00:10:38 UTC	0.5073898616309179	7.511	0.5073898616308454	1.247	0.5073898616308889	5.007	0.5073898616308310	0.0	0.5073898616343369	302.906	0.5073898616341771	289.103	-1	-1	-1	-1	
11	4	2	0.5114159943271708	2457067	44186.34190986756	Feb 14, 2015 00:16:26 UTC	0.5114159943271996	2.494	0.5114159943271996	2.494	0.5114159943271708	0.0	0.5114159943271708	0.0	0.5114159943306764	302.887	0.5114159943305022	287.837	-1	-1	-1	-1	
12	4	4	0.5220097847673328	2457067	45101.64540389756	Feb 14, 2015 00:31:41 UTC	0.5220097847673907	4.998	0.5220097847673328	0.0	0.5220097847673618	2.504	0.5220097847673763	3.751	0.5220097847709398	311.645	0.5220097847707222	292.844	0.5220097847707633	296.393	0.5220097847707343	293.89	
13	4	4	0.5287762700782848	2457067	45686.2697347638	Feb 14, 2015 00:41:26 UTC	0.5287762700783282	3.751	0.5287762700783136	2.494	0.5287762700783136	2.494	0.5287762700782848	0.0	0.5287762700817327	297.899	0.5287762700816308	289.094	0.5287762700817442	298.897	0.5287762700819613	317.65	
14	4	2	0.5298899640333484	2457067	45782.49289248131	Feb 14, 2015 00:43:02 UTC	0.5298899640334497	8.748	0.5298899640334063	4.998	0.5298899640333918	3.751	0.5298899640333484	0.0	0.5298899640368397	301.65	0.5298899640367523	294.091	-1	-1	-1	-1	
15	4	2	0.5407387212622836	2457067	46719.825517061305	Feb 14, 2015 00:58:39 UTC	0.5407387212622980	1.247	0.5407387212622836	0.0	0.5407387212622836	0.0	0.5407387212622980	1.247	-1	-1	0.5407387212651521	247.837	0.5407387212651065	243.895	-1	-1	
16	4	3	0.541016767540452	2457067	46743.848715495056	Feb 14, 2015 00:59:03 UTC	0.5410167675404809	2.494	0.5410167675404520	0.0	0.5410167675404665	1.247	0.5410167675404520	0.0	0.5410167675439432	301.64	0.5410167675437112	281.592	-1	-1	0.5410167675438101	290.139	
17	4	4	0.5475176020550933	2457067	47305.52081756006	Feb 14, 2015 01:08:25 UTC	0.5475176020551221	2.494	0.5475176020550933	0.0	0.5475176020550933	0.0	0.5475176020551077	1.247	0.5475176020585412	297.899	0.5475176020584247	287.837	0.5475176020584658	291.386	0.5475176020584369	288.892	
18	2	2	0.550376458465452	2457067	47552.52601141505	Feb 14, 2015 01:12:32 UTC	0.5503764584654520	0.0	0.5503764584654809	2.494	-1	-1	-1	-1	0.5503764584689144	299.146	-1	-1	-1	-1	0.5503764584688536	293.899	
19	4	2	0.5503873330589995	2457067	47553.46557629755	Feb 14, 2015 01:12:33 UTC	0.5503873330590284	2.504	0.5503873330590139	1.247	0.5503873330589995	0.0	0.5503873330589995	0.0	0.5503873330624039	294.149	0.5503873330623454	289.094	-1	-1	-1	-1	
20	4	3	0.5525873721972517	2457067	47743.54895784255	Feb 14, 2015 01:15:43 UTC	0.5525873721972663	1.257	0.5525873721972517	0.0	0.5525873721972806	2.494	0.5525873721972517	0.0	0.5525873722007141	299.146	0.5525873722005833	287.847	-1	-1	0.5525873722006968	297.65	
21	4	3	0.5682557194459062	2457067	49097.2941601263	Feb 14, 2015 01:38:17 UTC	0.5682557194459208	1.257	0.5682557194459062	0.0	0.5682557194459498	3.76	0.5682557194459352	2.504	0.5682557194493975	301.64	0.5682557194492524	289.103	0.5682557194492934	292.652	-1	-1	
22	4	3	0.57055762261415	2457067	49296.17859386256	Feb 14, 2015 01:41:36 UTC	0.5705576226141644	1.247	0.5705576226141500	0.0	0.5705576226141644	1.247	0.5705576226141644	1.247	0.5705576226175832	296.633	0.5705576226175538	294.091	-1	-1	0.5705576226174213	282.638	
23	4	2	0.5733885582546737	2457067	49540.77143320381	Feb 14, 2015 01:45:40 UTC	0.5733885582547170	3.741	0.5733885582546737	0.0	0.5733885582547170	3.741	0.5733885582547316	4.998	0.5733885582580637	292.892	0.5733885582578605	275.338	-1	-1	-1	-1	
24	4	4	0.5758523724550932	2457067	49753.64498012006	Feb 14, 2015 01:49:13 UTC	0.5758523724551077	1.247	0.5758523724550932	0.0	0.5758523724551077	1.247	0.5758523724550932	0.0	0.5758523724585410	297.89	0.5758523724584103	286.59	0.5758523724583067	277.64	0.5758523724583501	281.391	
25	4	2	0.584711672683305	2457067	50519.088519837554	Feb 14, 2015 02:01:59 UTC	0.5847116726833629	4.998	0.5847116726833195	1.247	0.5847116726833195	1.247	0.5847116726833050	0.0	0.5847116726867673	299.137	0.5847116726866655	290.341	-1	-1	-1	-1	
26	4	2	0.5904959459928537	2457067	51018.84973378256	Feb 14, 2015 02:10:18 UTC	0.5904959459928826	2.494	0.5904959459928680	1.237	0.5904959459928970	3.741	0.5904959459928537	0.0	0.5904959459958820	261.64	-1	-1	0.5904959459960092	272.633	-1	-1	
27	4	2	0.5913278794183455	2457067	51090.728781745056	Feb 14, 2015 02:11:30 UTC	0.5913278794183600	1.247	0.5913278794183455	0.0	0.5913278794183455	0.0	0.5913278794183745	2.504	0.5913278794218079	299.146	-1	-1	0.5913278794218194	300.144	-1	-1	
28	4	2	0.593731093079717	2457067	51298.36644208755	Feb 14, 2015 02:14:58 UTC	0.5937310930797894	6.254	0.5937310930797171	0.0	0.5937310930797316	1.257	0.5937310930797316	1.257	0.5937310930827020	257.899	0.5937310930825422	244.096	-1	-1	-1	-1	
29	3	3	0.5977116103553826	2457067	51642.28313470505	Feb 14, 2015 02:20:42 UTC	-1	-1	0.5977116103554260	3.751	0.5977116103553826	0.0	0.5977116103553970	1.247	0.5977116103584252	262.887	-1	-1	0.5977116103584948	268.902	0.5977116103583356	255.146	
30	3	4	0.6002965455571186	2457067	51865.62153613505	Feb 14, 2015 02:24:25 UTC	0.6002965455571475	2.494	-1	-1	0.6002965455571332	1.257	0.6002965455571186	0.0	0.6002965455605521	296.652	0.6002965455604213	285.353	0.6002965455604767	290.139	0.6002965455604189	285.142	
31	2	4	0.6077503202258687	2457067	52509.62766751506	Feb 14, 2015 02:35:09 UTC	-1	-1	0.6077503202258687	0.0	-1	-1	0.6077503202258977	2.504	0.6077503202289115	262.897	0.6077503202287372	247.837	0.6077503202288362	256.393	0.6077503202288218	255.146	
32	4	4	0.6078186899706025	2457067	52515.53481346006	Feb 14, 2015 02:35:15 UTC	0.6078186899706025	0.0	0.6078186899706169	1.247	0.6078186899706025	0.0	0.6078186899706315	2.504	0.6078186899735873	257.89	0.6078186899734277	244.096	0.6078186899735121	251.386	0.6078186899735266	252.643	
33	2	2	0.6202811721386581	2457067	53592.29327278006	Feb 14, 2015 02:53:12 UTC	-1	-1	-1	-1	0.6202811721387014	3.741	0.6202811721386581	0.0	0.6202811721417008	262.887	0.6202811721416134	255.338	-1	-1	-1	-1	
34	4	2	0.623451924680397	2457067	53866.2462923863	Feb 14, 2015 02:57:46 UTC	0.6234519246804404	3.751	0.6234519246803970	0.0	0.6234519246804116	1.257	0.6234519246803970	0.0	0.6234519246833674	256.643	-1	-1	-1	-1	0.6234519246831620	238.897	
35	4	2	0.6259605327088114	2457067	54082.9900260413	Feb 14, 2015 03:01:22 UTC	0.6259605327088548	3.751	0.6259605327088258	1.247	0.6259605327088403	2.504	0.6259605327088114	0.0	0.6259605327118976	266.648	-1	-1	0.6259605327116488	245.151	-1	-1	
36	4	2	0.6292461724199658	2457067	54366.869297085046	Feb 14, 2015 03:06:06 UTC	0.6292461724199948	2.504	0.6292461724199804	1.257	0.6292461724199658	0.0	0.6292461724199804	1.257	0.6292461724229652	259.146	0.6292461724228490	249.103	-1	-1	-1	-1	
37	3	2	0.6297049624758253	2457067	54406.50875791131	Feb 14, 2015 03:06:46 UTC	-1	-1	0.6297049624758253	0.0	0.6297049624758253	0.0	0.6297049624758397	1.247	0.6297049624788970	265.391	0.6297049624787662	254.091	-1	-1	-1	-1	
38	4	2	0.6326025518419277	2457067	54656.86047914255	Feb 14, 2015 03:10:56 UTC	0.6326025518420000	6.245	0.6326025518419421	1.247	0.6326025518419566	2.494	0.6326025518419277	0.0	-1	-1	0.6326025518448831	255.348	0.6326025518448808	255.146	-1	-1	
39	4	3	0.64908274948439	2457067	56080.7495554513	Feb 14, 2015 03:34:40 UTC	0.6490827494844190	2.504	0.6490827494843900	0.0	0.6490827494844045	1.247	0.6490827494843900	0.0	0.6490827494874040	260.403	-1	-1	0.6490827494872563	247.645	0.6490827494872853	250.149	
40	3	2	0.6535963318997113	2457067	56470.72307613506	Feb 14, 2015 03:41:10 UTC	0.6535963318997258	1.247	0.6535963318997258	1.247	-1	-1	0.6535963318997113	0.0	0.6535963319031881	300.393	0.6535963319029994	284.086	-1	-1	-1	-1	
41	3	2	0.6543818803680274	2457067	56538.59446379756	Feb 14, 2015 03:42:18 UTC	0.6543818803680417	1.237	0.6543818803680417	1.237	0.6543818803680274	0.0	-1	-1	0.6543818803710845	264.134	0.6543818803708958	247.837	-1	-1	-1	-1	
42	3	2	0.6584348669589994	2457067	56888.772505257555	Feb 14, 2015 03:48:08 UTC	0.6584348669590863	7.501	-1	-1	0.6584348669590429	3.751	0.6584348669589994	0.0	-1	-1	-1	-1	0.6584348669624011	293.899	0.6584348669623865	292.643	
43	4	3	0.6674282640806719	2457067	57665.80201657005	Feb 14, 2015 04:01:05 UTC	0.6674282640806719	0.0	0.6674282640807008	2.494	0.6674282640806863	1.247	0.6674282640806863	1.247	0.6674282640841632	301.65	0.6674282640840035	287.847	-1	-1	0.6674282640840011	287.645	
44	4	3	0.6680394537087535	2457067	57718.608800436305	Feb 14, 2015 04:01:58 UTC	0.6680394537087679	1.247	0.6680394537087679	1.247	0.6680394537087535	0.0	0.6680394537087679	1.247	0.6680394537117819	261.65	0.6680394537116945	254.101	-1	-1	0.6680394537117066	255.146	
45	4	4	0.672211580458522	2457067	58079.0805516163	Feb 14, 2015 04:07:59 UTC	0.6722115804585654	3.751	0.6722115804585509	2.494	0.6722115804585509	2.494	0.6722115804585220	0.0	0.6722115804620133	301.65	0.6722115804618390	286.59	0.6722115804619235	293.89	0.6722115804619235	293.89	
46	4	2	0.6737691755654085	2457067	58213.656768851295	Feb 14, 2015 04:10:13 UTC	0.6737691755654375	2.504	0.6737691755654085	0.0	0.6737691755654085	0.0	0.6737691755654085	0.0	0.6737691755689433	305.41	0.6737691755687836	291.607	-1	-1	-1	-1	
47	4	3	0.6847347721160452	2457067	59161.0843108263	Feb 14, 2015 04:26:01 UTC	0.6847347721160741	2.504	0.6847347721160452	0.0	0.6847347721160452	0.0	0.6847347721160452	0.0	0.6847347721190445	259.146	0.6847347721188559	242.849	-1	-1	0.6847347721189548	251.396	
48	3	2	0.6853045230559902	2457067	59210.310792037555	Feb 14, 2015 04:26:50 UTC	0.6853045230560192	2.504	0.6853045230559902	0.0	-1	-1	0.6853045230560192	2.504	0.6853045230589896	259.146	-1	-1	-1	-1	0.6853045230589433	255.146	
49	4	2	0.6907771250430272	2457067	59683.14360371755	Feb 14, 2015 04:34:43 UTC	0.6907771250430272	0.0	0.6907771250430561	2.494	0.6907771250430272	0.0	0.6907771250430417	1.247	0.6907771250460266	259.146	0.6907771250458813	246.59	-1	-1	-1	-1	
50	4	2	0.6941360959200671	2457067	59973.3586874938	Feb 14, 2015 04:39:33 UTC	0.6941360959201395	6.254	0.6941360959200671	0.0	0.6941360959200961	2.504	0.6941360959200671	0.0	0.6941360959230954	261.65	0.6941360959229936	252.854	-1	-1	-1	-1	
51	4	2	0.69611667365586	2457067	60144.48060386631	Feb 14, 2015 04:42:24 UTC	0.6961166736558745	1.247	0.6961166736558601	0.0	0.6961166736558601	0.0	0.6961166736558889	2.494	0.6961166736588015	254.139	0.6961166736586852	244.096	-1	-1	-1	-1	
52	4	2	0.6962781200749283	2457067	60158.429574473805	Feb 14, 2015 04:42:38 UTC	0.6962781200749427	1.247	0.6962781200749283	0.0	0.6962781200749427	1.247	0.6962781200749573	2.504	0.6962781200779131	257.89	0.6962781200778981	256.595	-1	-1	-1	-1	
53	4	3	0.7056790191334352	2457067	60970.667253128806	Feb 14, 2015 04:56:10 UTC	0.7056790191334931	4.998	0.7056790191334352	0.0	0.7056790191334641	2.494	0.7056790191334641	2.494	0.7056790191368830	297.89	0.7056790191367379	285.353	0.7056790191368079	291.396	-1	-1	
54	4	2	0.7130653457830157	2457067	61608.84587565256	Feb 14, 2015 05:06:48 UTC	0.7130653457830591	3.751	0.7130653457830157	0.0	0.7130653457830591	3.751	0.7130653457830157	0.0	-1	-1	-1	-1	0.7130653457859253	251.386	0.7130653457859253	251.386	
55	4	4	0.7144095077549341	2457067	61724.9814700263	Feb 14, 2015 05:08:44 UTC	0.7144095077549486	1.257	0.7144095077549341	0.0	0.7144095077549341	0.0	0.7144095077549341	0.0	0.7144095077583386	294.149	0.7144095077581933	281.602	0.7144095077581765	280.144	0.7144095077581620	278.897	
56	4	2	0.7168999360652639	2457067	61940.154476038806	Feb 14, 2015 05:12:20 UTC	0.7168999360653219	5.007	0.7168999360652784	1.247	0.7168999360653073	3.751	0.7168999360652639	0.0	0.7168999360682489	257.899	-1	-1	0.7168999360682314	256.393	-1	-1	
57	4	2	0.7243201572730475	2457067	62581.26158839131	Feb 14, 2015 05:23:01 UTC	0.7243201572730908	3.741	0.7243201572730619	1.237	0.7243201572730908	3.741	0.7243201572730475	0.0	0.7243201572760324	257.89	0.7243201572758002	237.832	-1	-1	-1	-1	
58	4	2	0.7265900651078565	2457067	62777.381625318805	Feb 14, 2015 05:26:17 UTC	0.7265900651078709	1.247	0.7265900651078709	1.247	0.7265900651079145	5.007	0.7265900651078565	0.0	0.7265900651107836	252.902	-1	-1	-1	-1	0.7265900651108530	258.897	
59	4	3	0.729844298399205	2457067	63058.54738169131	Feb 14, 2015 05:30:58 UTC	0.7298442983992049	0.0	0.7298442983992339	2.504	0.7298442983992049	0.0	0.7298442983992339	2.504	0.7298442984022043	259.146	0.7298442984020156	242.839	0.7298442984020856	248.892	-1	-1	
60	4	3	0.7355639061211233	2457067	63552.721488865056	Feb 14, 2015 05:39:12 UTC	0.7355639061211233	0.0	0.7355639061211233	0.0	0.7355639061211378	1.247	0.7355639061211666	3.741	0.7355639061240937	256.643	0.7355639061238761	237.842	0.7355639061239750	246.389	-1	-1	
61	4	2	0.7356383246717598	2457067	63559.15125164005	Feb 14, 2015 05:39:19 UTC	0.7356383246717744	1.257	0.7356383246717598	0.0	0.7356383246717598	0.0	0.7356383246718033	3.76	-1	-1	0.7356383246751204	290.35	-1	-1	0.7356383246751325	291.396	
62	4	2	0.7392764545355476	2457067	63873.48567187131	Feb 14, 2015 05:44:33 UTC	0.7392764545356199	6.245	0.7392764545355620	1.247	0.7392764545355476	0.0	0.7392764545355620	1.247	0.7392764545385468	259.137	0.7392764545384450	250.341	-1	-1	-1	-1	
63	4	2	0.741768309616566	2457067	64088.78195087131	Feb 14, 2015 05:48:08 UTC	0.7417683096165949	2.494	0.7417683096165805	1.247	0.7417683096166093	3.741	0.7417683096165660	0.0	0.7417683096195220	255.396	0.7417683096194492	249.103	-1	-1	-1	-1	
64	4	3	0.7444139562429404	2457067	64317.36581939005	Feb 14, 2015 05:51:57 UTC	0.7444139562429549	1.257	0.7444139562429404	0.0	0.7444139562429549	1.257	0.7444139562429404	0.0	0.7444139562464027	299.146	0.7444139562462575	286.6	-1	-1	0.7444139562463420	293.899	
65	3	2	0.744721841839989	2457067	64343.96713497505	Feb 14, 2015 05:52:23 UTC	0.7447218418400903	8.748	0.7447218418399890	0.0	0.7447218418400469	4.998	-1	-1	0.7447218418429884	259.146	0.7447218418428287	245.353	-1	-1	-1	-1	
66	4	2	0.7451251238376597	2457067	64378.8106995738	Feb 14, 2015 05:52:58 UTC	0.7451251238376887	2.504	0.7451251238376597	0.0	0.7451251238376887	2.504	0.7451251238376597	0.0	0.7451251238406591	259.146	-1	-1	-1	-1	0.7451251238405550	250.149	
67	4	3	0.7485891273432154	2457067	64678.10060245381	Feb 14, 2015 05:57:58 UTC	0.7485891273432443	2.504	0.7485891273432298	1.247	0.7485891273432154	0.0	0.7485891273432443	2.504	0.7485891273466487	296.643	0.7485891273465034	284.086	0.7485891273465156	285.142	-1	-1	
68	4	3	0.7540474939709062	2457067	65149.703479086296	Feb 14, 2015 06:05:49 UTC	0.7540474939709352	2.504	0.7540474939709062	0.0	0.7540474939709497	3.76	0.7540474939709062	0.0	0.7540474939743687	299.156	0.7540474939742234	286.609	0.7540474939741633	281.41	-1	-1	
69	4	2	0.7591678934324515	2457067	65592.10599256381	Feb 14, 2015 06:13:12 UTC	0.7591678934325092	4.988	0.7591678934324515	0.0	0.7591678934324948	3.741	0.7591678934324515	0.0	0.7591678934355232	265.391	0.7591678934353779	252.844	-1	-1	-1	-1	
70	3	2	0.7606373428925065	2457067	65719.06642591256	Feb 14, 2015 06:15:19 UTC	-1	-1	0.7606373428925209	1.247	0.7606373428925209	1.247	0.7606373428925065	0.0	0.7606373428960267	304.144	-1	-1	-1	-1	0.7606373428960815	308.883	
71	4	2	0.7690489334768813	2457067	66445.82785240255	Feb 14, 2015 06:27:25 UTC	0.7690489334769248	3.76	0.7690489334768813	0.0	0.7690489334769103	2.504	0.7690489334768813	0.0	-1	-1	0.7690489334802274	289.103	-1	-1	0.7690489334803409	298.906	
72	4	2	0.7704039848170434	2457067	66562.90428819256	Feb 14, 2015 06:29:22 UTC	0.7704039848170867	3.741	0.7704039848170867	3.741	0.7704039848170434	0.0	0.7704039848170867	3.741	0.7704039848200138	256.643	-1	-1	-1	-1	0.7704039848198808	245.151	
73	4	2	0.7773412425041818	2457067	67162.28335236131	Feb 14, 2015 06:39:22 UTC	0.7773412425042397	5.007	0.7773412425042397	5.007	0.7773412425041962	1.247	0.7773412425041818	0.0	-1	-1	0.7773412425070358	246.59	-1	-1	0.7773412425070046	243.895	
74	4	3	0.7792956128736117	2457067	67331.14095228005	Feb 14, 2015 06:42:11 UTC	0.7792956128736261	1.247	0.7792956128736117	0.0	0.7792956128736261	1.247	0.7792956128736117	0.0	0.7792956128770161	294.139	0.7792956128769143	285.343	-1	-1	0.7792956128769265	286.398	
75	3	2	0.7815796509434612	2457067	67528.48184151505	Feb 14, 2015 06:45:28 UTC	-1	-1	0.7815796509434901	2.504	0.7815796509434612	0.0	0.7815796509434901	2.504	-1	-1	-1	-1	0.7815796509463421	248.911	0.7815796509462698	242.667	
76	3	2	0.7976891186126598	2457067	68920.33984813381	Feb 14, 2015 07:08:40 UTC	0.7976891186126598	0.0	0.7976891186126598	0.0	0.7976891186126742	1.247	-1	-1	0.7976891186161510	301.64	0.7976891186159624	285.343	-1	-1	-1	-1	
77	4	2	0.7988655078505359	2457067	69021.9798782863	Feb 14, 2015 07:10:21 UTC	0.7988655078505359	0.0	0.7988655078505359	0.0	0.7988655078505359	0.0	0.7988655078505359	0.0	0.7988655078534919	255.396	0.7988655078533610	244.086	-1	-1	-1	-1	
78	3	3	0.8044011513231343	2457067	69500.2594743188	Feb 14, 2015 07:18:20 UTC	0.8044011513231922	5.007	0.8044011513231343	0.0	0.8044011513231488	1.257	-1	-1	-1	-1	0.8044011513265094	291.607	0.8044011513266082	300.144	0.8044011513265212	292.633	
79	4	2	0.8089420182053102	2457067	69892.59037293881	Feb 14, 2015 07:24:52 UTC	0.8089420182053680	4.998	0.8089420182053825	6.245	0.8089420182053391	2.494	0.8089420182053102	0.0	0.8089420182087870	300.393	0.8089420182086273	286.6	-1	-1	-1	-1	
80	4	2	0.8102006236161321	2457067	70001.33388043381	Feb 14, 2015 07:26:41 UTC	0.8102006236161609	2.484	0.8102006236161321	0.0	0.8102006236161464	1.237	0.8102006236161321	0.0	-1	-1	0.8102006236194924	290.331	-1	-1	0.8102006236195192	292.643	
81	4	3	0.8125248484593177	2457067	70202.14690688506	Feb 14, 2015 07:30:02 UTC	0.8125248484593466	2.494	0.8125248484593177	0.0	0.8125248484593610	3.741	0.8125248484593466	2.494	0.8125248484627945	300.393	0.8125248484626348	286.6	-1	-1	0.8125248484627049	292.652	
82	3	2	0.8155932732043844	2457067	70467.25880485881	Feb 14, 2015 07:34:27 UTC	0.8155932732044275	3.731	0.8155932732043844	0.0	-1	-1	0.8155932732044131	2.484	0.8155932732078033	295.396	0.8155932732076724	284.086	-1	-1	-1	-1	
83	4	3	0.8184404245141353	2457067	70713.2526780213	Feb 14, 2015 07:38:33 UTC	0.8184404245141788	3.751	0.8184404245141643	2.504	0.8184404245141643	2.504	0.8184404245141353	0.0	0.8184404245175977	299.146	-1	-1	0.8184404245175804	297.65	0.8184404245174214	283.914	
84	3	2	0.8239570595545146	2457067	71189.88994551006	Feb 14, 2015 07:46:29 UTC	0.8239570595545580	3.751	0.8239570595545146	0.0	0.8239570595545580	3.751	-1	-1	0.8239570595574850	256.643	0.8239570595574554	254.082	-1	-1	-1	-1	
85	4	2	0.8240763212471938	2457067	71200.19415575755	Feb 14, 2015 07:46:40 UTC	0.8240763212472517	5.007	0.8240763212471938	0.0	0.8240763212472227	2.504	0.8240763212471938	0.0	0.8240763212506852	301.659	-1	-1	-1	-1	0.8240763212505231	287.655	
86	3	4	0.8257175048994364	2457067	71341.99242331131	Feb 14, 2015 07:49:01 UTC	0.8257175048994654	2.504	0.8257175048994364	0.0	-1	-1	0.8257175048994364	0.0	0.8257175049028699	296.652	0.8257175049028115	291.607	0.8257175049027944	290.13	0.8257175049028379	293.89	
87	4	2	0.8304696049281978	2457067	71752.5738657963	Feb 14, 2015 07:55:52 UTC	0.8304696049282847	7.511	0.8304696049282123	1.257	0.8304696049281978	0.0	0.8304696049282123	1.257	-1	-1	0.8304696049315293	287.847	-1	-1	0.8304696049315416	288.911	
88	4	4	0.8346246940779521	2457067	72111.57356833506	Feb 14, 2015 08:01:51 UTC	0.8346246940779521	0.0	0.8346246940779666	1.247	0.8346246940779666	1.247	0.8346246940779811	2.504	0.8346246940813709	295.377	0.8346246940812979	289.074	0.8346246940812958	288.892	0.8346246940812668	286.389	
89	4	2	0.8380892220374427	2457067	72410.90878403505	Feb 14, 2015 08:06:50 UTC	0.8380892220375007	5.007	0.8380892220374717	2.504	0.8380892220374427	0.0	0.8380892220374427	0.0	0.8380892220409051	299.146	0.8380892220407887	289.094	-1	-1	-1	-1	
90	3	3	0.8550413107359526	2457067	73875.5692475863	Feb 14, 2015 08:31:15 UTC	0.8550413107359526	0.0	-1	-1	0.8550413107359960	3.751	0.8550413107359526	0.0	-1	-1	0.8550413107392263	282.849	0.8550413107393109	290.158	0.8550413107393253	291.405	
91	3	3	0.8636232999802088	2457067	74617.05311829004	Feb 14, 2015 08:43:37 UTC	0.8636232999802088	0.0	0.8636232999803970	16.259	0.8636232999802957	7.511	-1	-1	0.8636232999832518	262.916	0.8636232999831788	256.604	-1	-1	0.8636232999830606	246.398	
92	4	3	0.8731920502171012	2457067	75443.79313875755	Feb 14, 2015 08:57:23 UTC	0.8731920502171447	3.76	0.8731920502171158	1.257	0.8731920502171302	2.504	0.8731920502171012	0.0	0.8731920502204912	292.892	0.8731920502203605	281.602	-1	-1	0.8731920502204016	285.151	
93	4	2	0.876737819948308	2457067	75750.14764353381	Feb 14, 2015 09:02:30 UTC	0.8767378199483224	1.247	0.8767378199483224	1.247	0.8767378199483080	0.0	0.8767378199483080	0.0	0.8767378199517704	299.146	0.8767378199516394	287.827	-1	-1	-1	-1	
94	4	3	0.877250832518823	2457067	75794.4719296263	Feb 14, 2015 09:03:14 UTC	0.8772508325188809	5.007	0.8772508325188519	2.504	0.8772508325188664	3.751	0.8772508325188230	0.0	0.8772508325222563	296.643	0.8772508325221545	287.847	0.8772508325220942	282.638	-1	-1	
95	4	2	0.8799355404970057	2457067	76026.4306989413	Feb 14, 2015 09:07:06 UTC	0.8799355404970347	2.504	0.8799355404970203	1.257	0.8799355404970057	0.0	0.8799355404970057	0.0	0.8799355405004536	297.899	-1	-1	-1	-1	0.8799355405003784	291.396	
96	4	2	0.881106360615452	2457067	76127.58955717506	Feb 14, 2015 09:08:47 UTC	0.8811063606154665	1.257	0.8811063606154520	0.0	0.8811063606154810	2.504	0.8811063606154810	2.504	0.8811063606184657	260.384	-1	-1	-1	-1	0.8811063606182604	242.648	
97	4	2	0.8868818479370956	2457067	76626.59166176505	Feb 14, 2015 09:17:06 UTC	0.8868818479371389	3.741	0.8868818479371101	1.257	0.8868818479371389	3.741	0.8868818479370956	0.0	-1	-1	-1	-1	0.8868818479400052	251.396	0.8868818479400342	253.899	
98	3	2	0.8895594992191124	2457067	76857.94073253131	Feb 14, 2015 09:20:57 UTC	0.8895594992191702	4.998	0.8895594992191268	1.247	0.8895594992191124	0.0	-1	-1	-1	-1	0.8895594992223860	282.839	0.8895594992225282	295.127	-1	-1	
99	4	2	0.8915888432701684	2457067	77033.27605854256	Feb 14, 2015 09:23:53 UTC	0.8915888432701974	2.504	0.8915888432701684	0.0	0.8915888432701974	2.504	0.8915888432701830	1.257	0.8915888432732257	264.153	0.8915888432731384	256.604	-1	-1	-1	-1	
100	4	2	0.892075134428791	2457067	77075.29161464755	Feb 14, 2015 09:24:35 UTC	0.8920751344288055	1.247	0.8920751344287911	0.0	0.8920751344287911	0.0	0.8920751344287911	0.0	0.8920751344317904	259.146	-1	-1	0.8920751344316283	245.142	-1	-1	
101	3	3	0.8939990297608658	2457067	77241.51617133881	Feb 14, 2015 09:27:21 UTC	0.8939990297608658	0.0	0.8939990297609236	4.998	0.8939990297609236	4.998	-1	-1	0.8939990297638506	257.89	-1	-1	0.8939990297637032	245.151	0.8939990297636452	240.144	
102	4	4	0.8944234636252177	2457067	77278.18725721881	Feb 14, 2015 09:27:58 UTC	0.8944234636252465	2.484	0.8944234636252321	1.237	0.8944234636252177	0.0	0.8944234636252321	1.237	0.8944234636281447	252.892	0.8944234636279851	239.098	0.8944234636279826	238.887	0.8944234636280983	248.883	
103	4	4	0.8961147152139185	2457067	77424.31139448256	Feb 14, 2015 09:30:24 UTC	0.8961147152139329	1.247	0.8961147152139185	0.0	0.8961147152139329	1.247	0.8961147152139185	0.0	0.8961147152173519	296.643	0.8961147152171921	282.839	0.8961147152172189	285.151	0.8961147152178264	337.64	
104	4	3	0.8972894805317858	2457067	77525.8111179463	Feb 14, 2015 09:32:05 UTC	0.8972894805317858	0.0	0.8972894805317858	0.0	0.8972894805318004	1.257	0.8972894805318293	3.76	0.8972894805352772	301.659	0.8972894805350596	282.859	-1	-1	0.8972894805351587	291.415	
105	3	4	0.8975635139980764	2457067	77549.48760943381	Feb 14, 2015 09:32:29 UTC	-1	-1	0.8975635139981343	4.998	0.8975635139981197	3.741	0.8975635139980764	0.0	0.8975635140015966	304.144	0.8975635140014080	287.847	0.8975635140013911	286.389	0.8975635140014201	288.892	
106	3	2	0.9032840961180417	2457067	78043.7459045988	Feb 14, 2015 09:40:43 UTC	0.9032840961180851	3.751	0.9032840961180417	0.0	0.9032840961180562	1.247	-1	-1	0.9032840961214752	296.652	0.9032840961214021	290.341	-1	-1	-1	-1	
107	3	2	0.9068415560967599	2457067	78351.11044676005	Feb 14, 2015 09:45:51 UTC	0.9068415560967743	1.247	0.9068415560967599	0.0	0.9068415560967743	1.247	-1	-1	-1	-1	-1	-1	0.9068415561002049	297.65	0.9068415561000893	287.664	
108	3	2	0.9119971530899891	2457067	78796.55402697505	Feb 14, 2015 09:53:16 UTC	0.9119971530900469	4.998	0.9119971530899891	0.0	-1	-1	0.9119971530900903	8.748	0.9119971530930464	264.153	-1	-1	-1	-1	0.9119971530929275	253.88	
109	4	2	0.9132463446934324	2457067	78904.48418151255	Feb 14, 2015 09:55:04 UTC	0.9132463446935045	6.235	0.9132463446934467	1.237	0.9132463446934755	3.731	0.9132463446934324	0.0	0.9132463446964316	259.137	0.9132463446962286	241.592	-1	-1	-1	-1	
110	4	4	0.9186284868896997	2457067	79369.50126727005	Feb 14, 2015 10:02:49 UTC	0.9186284868897288	2.513	0.9186284868897141	1.247	0.9186284868897288	2.513	0.9186284868896997	0.0	0.9186284868931333	296.662	0.9186284868929878	284.096	0.9186284868929857	283.914	0.9186284868929565	281.391	
111	4	2	0.9272275143632239	2457067	80112.45724098255	Feb 14, 2015 10:15:12 UTC	0.9272275143632384	1.247	0.9272275143632239	0.0	0.9272275143632239	0.0	0.9272275143632529	2.504	-1	-1	0.9272275143666424	295.357	0.9272275143666979	300.154	-1	-1	
112	4	3	0.9306578083517367	2457067	80408.83464159006	Feb 14, 2015 10:20:08 UTC	0.9306578083517804	3.77	0.9306578083517367	0.0	0.9306578083517804	3.77	0.9306578083517367	0.0	0.9306578083546928	255.405	0.9306578083545618	244.086	-1	-1	0.9306578083546173	248.883	
113	4	2	0.9344982451509121	2457067	80740.6483810388	Feb 14, 2015 10:25:40 UTC	0.9344982451509843	6.245	0.9344982451509265	1.247	0.9344982451509121	0.0	0.9344982451509409	2.494	0.9344982451540126	267.885	-1	-1	0.9344982451541113	276.412	-1	-1	
114	4	2	0.9389730328381951	2457067	81127.27003722006	Feb 14, 2015 10:32:07 UTC	0.9389730328382675	6.254	0.9389730328382095	1.247	0.9389730328382530	4.998	0.9389730328381951	0.0	0.9389730328412232	261.631	-1	-1	0.9389730328410035	242.648	-1	-1	
115	4	2	0.9406464586959931	2457067	81271.8540313338	Feb 14, 2015 10:34:31 UTC	0.9406464586960075	1.247	0.9406464586960219	2.494	0.9406464586959931	0.0	0.9406464586960075	1.247	0.9406464586995132	304.144	-1	-1	-1	-1	0.9406464586993225	287.664	
116	4	2	0.9416384833889907	2457067	81357.5649648088	Feb 14, 2015 10:35:57 UTC	0.9416384833890197	2.504	0.9416384833890197	2.504	0.9416384833889907	0.0	0.9416384833889907	0.0	0.9416384833924676	300.403	-1	-1	0.9416384833923777	292.633	-1	-1	
117	4	4	0.9460946931812795	2457067	81742.58149086255	Feb 14, 2015 10:42:22 UTC	0.9460946931812939	1.247	0.9460946931812939	1.247	0.9460946931813083	2.494	0.9460946931812795	0.0	0.9460946931846984	295.396	0.9460946931845242	280.345	0.9460946931846232	288.902	0.9460946931845509	282.648	
118	3	2	0.9498710330995667	2457067	82068.85725980256	Feb 14, 2015 10:47:48 UTC	0.9498710330995811	1.247	0.9498710330995667	0.0	0.9498710330995955	2.494	-1	-1	-1	-1	0.9498710331028836	286.58	0.9498710331028525	283.895	-1	-1	
119	4	2	0.9550332094302523	2457067	82514.8692947738	Feb 14, 2015 10:55:14 UTC	0.9550332094302811	2.494	0.9550332094302667	1.247	0.9550332094302667	1.247	0.9550332094302523	0.0	0.9550332094337002	297.899	0.9550332094335837	287.837	-1	-1	-1	-1	
120	4	2	0.9574530689062073	2457067	82723.94515349632	Feb 14, 2015 10:58:43 UTC	0.9574530689062073	0.0	0.9574530689062073	0.0	0.9574530689062073	0.0	0.9574530689062219	1.266	-1	-1	0.9574530689094808	282.83	-1	-1	0.9574530689095653	290.13	
121	3	2	0.959264342965698	2457067	82880.4392322363	Feb 14, 2015 11:01:20 UTC	0.9592643429656980	0.0	0.9592643429656980	0.0	0.9592643429656980	0.0	-1	-1	0.9592643429686828	257.89	0.9592643429685521	246.6	-1	-1	-1	-1	
122	4	4	0.9592755859669567	2457067	82881.41062754506	Feb 14, 2015 11:01:21 UTC	0.9592755859669999	3.731	0.9592755859669567	0.0	0.9592755859669999	3.731	0.9592755859669999	3.731	0.9592755859699704	260.384	0.9592755859698542	250.341	0.9592755859700108	263.875	0.9592755859699531	258.887	
123	4	3	0.9609005976859091	2457067	83021.81164006254	Feb 14, 2015 11:03:41 UTC	0.9609005976859382	2.513	0.9609005976859237	1.266	0.9609005976859382	2.513	0.9609005976859091	0.0	0.9609005976894004	301.65	0.9609005976892986	292.854	-1	-1	0.9609005976893109	293.918	
124	4	3	0.9619608963005215	2457067	83113.42144036505	Feb 14, 2015 11:05:13 UTC	0.9619608963005503	2.484	0.9619608963005359	1.247	0.9619608963005503	2.484	0.9619608963005215	0.0	0.9619608963039836	299.127	0.9619608963038240	285.333	-1	-1	0.9619608963038651	288.883	
125	4	2	0.9639317268689241	2457067	83283.70120147505	Feb 14, 2015 11:08:03 UTC	0.9639317268689241	0.0	0.9639317268689241	0.0	0.9639317268689241	0.0	0.9639317268689387	1.257	0.9639317268720392	269.142	-1	-1	-1	-1	0.9639317268717905	247.655	
126	4	2	0.9639554294670292	2457067	83285.74910595133	Feb 14, 2015 11:08:05 UTC	0.9639554294670579	2.484	0.9639554294670292	0.0	0.9639554294670579	2.484	0.9639554294670435	1.237	0.9639554294704769	297.88	0.9639554294704183	292.825	-1	-1	-1	-1	
127	4	2	0.9657240318504491	2457067	83438.5563518788	Feb 14, 2015 11:10:38 UTC	0.9657240318505215	6.254	0.9657240318504491	0.0	0.9657240318505069	4.998	0.9657240318504491	0.0	-1	-1	0.9657240318537662	286.6	0.9657240318538073	290.149	-1	-1	
128	4	3	0.9703687851938231	2457067	83839.86304074632	Feb 14, 2015 11:17:19 UTC	0.9703687851938519	2.494	0.9703687851938231	0.0	0.9703687851938231	0.0	0.9703687851938375	1.247	0.9703687851967933	256.624	0.9703687851966194	241.602	0.9703687851967615	253.88	-1	-1	
129	4	2	0.9707203114543265	2457067	83870.23490965381	Feb 14, 2015 11:17:50 UTC	0.9707203114543987	6.245	0.9707203114543265	0.0	0.9707203114543987	6.245	0.9707203114543409	1.247	-1	-1	0.9707203114572530	252.854	-1	-1	0.9707203114573228	258.887	
130	4	4	0.9725383094682443	2457067	84027.3099380563	Feb 14, 2015 11:20:27 UTC	0.9725383094682731	2.494	0.9725383094682443	0.0	0.9725383094682443	0.0	0.9725383094682443	0.0	0.9725383094712436	259.146	0.9725383094711562	251.588	0.9725383094712263	257.65	0.9725383094713129	265.132	
131	4	2	0.9727805001600847	2457067	84048.23521383131	Feb 14, 2015 11:20:48 UTC	0.9727805001600847	0.0	0.9727805001601280	3.741	0.9727805001600991	1.247	0.9727805001601280	3.741	-1	-1	0.9727805001629531	247.837	-1	-1	0.9727805001631245	262.638	
132	4	2	0.9771431490577988	2457067	84425.16807859381	Feb 14, 2015 11:27:05 UTC	0.9771431490578419	3.731	0.9771431490578131	1.237	0.9771431490578131	1.237	0.9771431490577988	0.0	-1	-1	0.9771431490610721	282.82	-1	-1	0.9771431490611279	287.636	
133	4	2	0.9850998167360103	2457067	85112.62416599129	Feb 14, 2015 11:38:32 UTC	0.9850998167360251	1.276	0.9850998167360103	0.0	0.9850998167360251	1.276	0.9850998167360251	1.276	-1	-1	0.9850998167389947	257.851	-1	-1	0.9850998167389925	257.659	
134	3	2	0.9961669143900759	2457067	86068.82140330256	Feb 14, 2015 11:54:28 UTC	0.9961669143901771	8.748	0.9961669143900759	0.0	0.9961669143901339	5.017	-1	-1	0.9961669143936538	309.132	0.9961669143935522	300.355	-1	-1	-1	-1	
135	3	2	9.814495637593E-4	2457068	84.79724230880352	Feb 14, 2015 12:01:24 UTC	0.0009814495638606	8.752	0.0009814495640920	28.745	-1	-1	0.0009814495637593	0.0	0.0009814495667442	257.895	0.0009814495665990	245.35	-1	-1	-1	-1	
136	3	2	0.004562400555643	2457068	394.1914080075552	Feb 14, 2015 12:06:34 UTC	0.0045624005556864	3.75	0.0045624005556430	0.0	0.0045624005556719	2.497	-1	-1	0.0045624005591053	299.143	0.0045624005589456	285.345	-1	-1	-1	-1	
137	4	3	0.0136535880168409	2457068	1179.6700046550538	Feb 14, 2015 12:19:39 UTC	0.0136535880168843	3.75	0.0136535880168553	1.244	0.0136535880168553	1.244	0.0136535880168409	0.0	0.0136535880203466	302.893	0.0136535880202014	290.347	-1	-1	0.0136535880201991	290.149	
138	4	2	0.0161867941552523	2457068	1398.539015013799	Feb 14, 2015 12:23:18 UTC	0.0161867941552523	0.0	0.0161867941552523	0.0	0.0161867941552523	0.0	0.0161867941552523	0.0	0.0161867941586857	296.646	0.0161867941585839	287.85	-1	-1	-1	-1	
139	4	2	0.0180992362907558	2457068	1563.774015521301	Feb 14, 2015 12:26:03 UTC	0.0180992362907847	2.497	0.0180992362907558	0.0	0.0180992362907558	0.0	0.0180992362907847	2.497	0.0180992362936973	254.146	0.0180992362935666	242.853	-1	-1	-1	-1	
140	3	2	0.0221043063857066	2457068	1909.8120717250501	Feb 14, 2015 12:31:49 UTC	0.0221043063857645	5.003	0.0221043063857066	0.0	0.0221043063857355	2.497	-1	-1	0.0221043063887349	261.645	-1	-1	-1	-1	0.0221043063886742	256.401	
141	4	2	0.0253036472170434	2457068	2186.23511955255	Feb 14, 2015 12:36:26 UTC	0.0253036472170579	1.253	0.0253036472170579	1.253	0.0253036472170434	0.0	0.0253036472170868	3.75	-1	-1	0.0253036472198831	245.35	-1	-1	0.0253036472198518	242.646	
142	4	2	0.0309801233415226	2457068	2676.6826567075527	Feb 14, 2015 12:44:36 UTC	0.0309801233415660	3.75	0.0309801233415226	0.0	0.0309801233415515	2.497	0.0309801233415515	2.497	0.0309801233445075	257.895	-1	-1	0.0309801233445336	260.151	-1	-1	
143	4	2	0.037870681663195	2457068	3272.026895700048	Feb 14, 2015 12:54:32 UTC	0.0378706816632240	2.505	0.0378706816631950	0.0	0.0378706816631950	0.0	0.0378706816631950	0.0	0.0378706816662234	261.653	0.0378706816660926	250.353	-1	-1	-1	-1	
144	3	3	0.0384312460861696	2457068	3320.4596618450537	Feb 14, 2015 12:55:20 UTC	0.0384312460862564	7.499	0.0384312460861696	0.0	0.0384312460865168	29.998	-1	-1	-1	-1	0.0384312460889659	241.6	0.0384312460889925	243.899	0.0384312460890359	247.648	
145	4	2	0.0452169661663056	2457068	3906.7458767688036	Feb 14, 2015 13:05:06 UTC	0.0452169661663490	3.75	0.0452169661663056	0.0	0.0452169661663200	1.244	0.0452169661663779	6.247	-1	-1	-1	-1	0.0452169661692587	255.148	0.0452169661691719	247.649	
146	4	4	0.0462273795689821	2457068	3994.045594760053	Feb 14, 2015 13:06:34 UTC	0.0462273795690255	3.75	0.0462273795689821	0.0	0.0462273795690255	3.75	0.0462273795689965	1.245	0.0462273795720973	269.153	0.0462273795720388	264.099	0.0462273795720509	265.145	0.0462273795719930	260.142	
147	4	3	0.0508607479752031	2457068	4394.368625057547	Feb 14, 2015 13:13:14 UTC	0.0508607479752176	1.253	0.0508607479752321	2.506	0.0508607479752176	1.253	0.0508607479752031	0.0	0.0508607479786511	297.908	0.0508607479786360	296.603	0.0508607479785324	287.652	-1	-1	
148	4	2	0.0541260694363287	2457068	4676.4923992988	Feb 14, 2015 13:17:56 UTC	0.0541260694363287	0.0	0.0541260694363287	0.0	0.0541260694363287	0.0	0.0541260694363432	1.252	0.0541260694398200	301.648	0.0541260694397471	295.35	-1	-1	-1	-1	
149	4	2	0.0684495999176221	2457068	5914.04543288255	Feb 14, 2015 13:38:34 UTC	0.0684495999176945	6.255	0.0684495999176221	0.0	0.0684495999176655	3.749	0.0684495999176221	0.0	0.0684495999210989	300.396	0.0684495999210550	296.602	-1	-1	-1	-1	
150	4	4	0.0799283960620232	2457068	6905.813419758805	Feb 14, 2015 13:55:05 UTC	0.0799283960620376	1.243	0.0799283960620232	0.0	0.0799283960620376	1.243	0.0799283960620376	1.243	0.0799283960655000	300.395	0.0799283960652969	282.848	0.0799283960651499	270.146	0.0799283960651933	273.896	
151	4	2	0.0828504271029665	2457068	7158.276901696306	Feb 14, 2015 13:59:18 UTC	0.0828504271029954	2.496	0.0828504271029809	1.245	0.0828504271029954	2.496	0.0828504271029665	0.0	0.0828504271064143	297.89	0.0828504271062402	282.848	-1	-1	-1	-1	
152	4	2	0.0846873123248415	2457068	7316.9837848663055	Feb 14, 2015 14:01:56 UTC	0.0846873123248993	4.994	0.0846873123248559	1.245	0.0846873123248704	2.496	0.0846873123248415	0.0	-1	-1	0.0846873123282020	290.347	0.0846873123281852	288.896	-1	-1	
153	4	4	0.0923189492632963	2457068	7976.357216348801	Feb 14, 2015 14:12:56 UTC	0.0923189492633253	2.506	0.0923189492633108	1.253	0.0923189492633686	6.247	0.0923189492632963	0.0	0.0923189492662812	257.896	0.0923189492661360	245.35	0.0923189492661626	247.649	0.0923189492661771	248.902	
154	3	2	0.1000509819372836	2457068	8644.404839381303	Feb 14, 2015 14:24:04 UTC	-1	-1	0.1000509819372980	1.245	0.1000509819372836	0.0	0.1000509819372836	0.0	-1	-1	-1	-1	0.1000509819405405	281.397	0.1000509819405550	282.65	
155	4	3	0.1008801445887738	2457068	8716.044492470057	Feb 14, 2015 14:25:16 UTC	0.1008801445888172	3.749	0.1008801445887738	0.0	0.1008801445888172	3.749	0.1008801445887882	1.245	0.1008801445923229	306.643	0.1008801445922356	299.1	-1	-1	0.1008801445922766	302.642	
156	4	3	0.1053834220925064	2457068	9105.127668792553	Feb 14, 2015 14:31:45 UTC	0.1053834220925498	3.751	0.1053834220925353	2.498	0.1053834220925064	0.0	0.1053834220925064	0.0	-1	-1	0.1053834220958380	287.85	0.1053834220959803	300.145	0.1053834220958791	291.402	
157	4	2	0.1125893845954722	2457068	9727.722829048798	Feb 14, 2015 14:42:07 UTC	0.1125893845955301	5.002	0.1125893845954722	0.0	0.1125893845954867	1.253	0.1125893845955156	3.749	0.1125893845989346	299.151	-1	-1	-1	-1	0.1125893845987436	282.649	
158	3	2	0.1160403200802813	2457068	10025.883654936304	Feb 14, 2015 14:47:05 UTC	0.1160403200803247	3.749	0.1160403200802813	0.0	0.1160403200802957	1.245	-1	-1	-1	-1	0.1160403200836129	287.85	0.1160403200836684	292.645	-1	-1	
159	4	2	0.1165312109002755	2457068	10068.296621783804	Feb 14, 2015 14:47:48 UTC	0.1165312109003044	2.496	0.1165312109003189	3.749	0.1165312109002755	0.0	0.1165312109003044	2.496	-1	-1	-1	-1	0.1165312109036192	288.896	0.1165312109035758	285.145	
160	3	2	0.1251787866963692	2457068	10815.447170566298	Feb 14, 2015 15:00:15 UTC	0.1251787866964126	3.751	0.1251787866963982	2.506	-1	-1	0.1251787866963692	0.0	0.1251787866993687	259.156	0.1251787866992813	251.607	-1	-1	-1	-1	
161	3	2	0.1260745358457761	2457068	10892.839897075055	Feb 14, 2015 15:01:32 UTC	0.1260745358457761	0.0	0.1260745358457761	0.0	0.1260745358458629	7.499	-1	-1	0.1260745358492963	304.144	-1	-1	0.1260745358493513	308.897	-1	-1	
162	4	4	0.1291746489611262	2457068	11160.689670241305	Feb 14, 2015 15:06:00 UTC	0.1291746489612275	8.751	0.1291746489611262	0.0	0.1291746489611985	6.247	0.1291746489612130	7.499	0.1291746489646174	301.638	0.1291746489645880	299.098	0.1291746489646001	300.144	0.1291746489645856	298.892	
163	4	3	0.1344299174811783	2457068	11614.744870373805	Feb 14, 2015 15:13:34 UTC	0.1344299174812361	4.993	0.1344299174811783	0.0	0.1344299174812216	3.741	0.1344299174812506	6.247	0.1344299174846696	301.648	-1	-1	0.1344299174846377	298.892	0.1344299174845799	293.899	
164	4	3	0.1348615200376019	2457068	11652.035331248804	Feb 14, 2015 15:14:12 UTC	0.1348615200376019	0.0	0.1348615200376453	3.748	0.1348615200376597	4.993	0.1348615200376163	1.245	-1	-1	0.1348615200409190	286.597	0.1348615200409890	292.645	0.1348615200410469	297.648	
165	4	3	0.1364393517574514	2457068	11788.359991843801	Feb 14, 2015 15:16:28 UTC	0.1364393517575093	5.002	0.1364393517574514	0.0	0.1364393517574948	3.751	0.1364393517574948	3.751	0.1364393517609427	301.65	-1	-1	0.1364393517609543	302.652	0.1364393517609398	301.398	
166	3	2	0.138696040783985	2457068	11983.337923736304	Feb 14, 2015 15:19:43 UTC	0.1386960407839994	1.245	0.1386960407839994	1.245	0.1386960407839850	0.0	-1	-1	0.1386960407869265	254.144	0.1386960407867668	240.348	-1	-1	-1	-1	
167	3	3	0.1420297769717599	2457068	12271.372730360055	Feb 14, 2015 15:24:31 UTC	0.1420297769718467	7.501	0.1420297769718033	3.751	0.1420297769717599	0.0	-1	-1	0.1420297769752077	297.89	0.1420297769750625	285.345	0.1420297769750602	285.146	-1	-1	
168	4	2	0.1421614486925498	2457068	12282.749167036302	Feb 14, 2015 15:24:42 UTC	0.1421614486925498	0.0	0.1421614486925498	0.0	0.1421614486926511	8.753	0.1421614486926366	7.501	-1	-1	0.1421614486957946	280.353	-1	-1	0.1421614486957778	278.899	
169	3	3	0.1455222628402205	2457068	12573.12350939505	Feb 14, 2015 15:29:33 UTC	-1	-1	0.1455222628402350	1.254	0.1455222628402494	2.499	0.1455222628402205	0.0	0.1455222628437263	302.902	0.1455222628436968	300.353	0.1455222628437523	305.149	-1	-1	
170	3	4	0.1516082290232211	2457068	13098.950987606304	Feb 14, 2015 15:38:18 UTC	0.1516082290232500	2.496	0.1516082290232211	0.0	-1	-1	0.1516082290232355	1.245	0.1516082290266401	295.401	0.1516082290265238	285.353	0.1516082290264635	280.144	0.1516082290264491	278.899	
171	4	2	0.1602743123973386	2457068	13847.700591130057	Feb 14, 2015 15:50:47 UTC	0.1602743123973820	3.748	0.1602743123973531	1.252	0.1602743123973820	3.748	0.1602743123973386	0.0	-1	-1	-1	-1	0.1602743124006534	286.398	0.1602743124006678	287.643	
172	3	4	0.1769024207168987	2457068	15284.369149940048	Feb 14, 2015 16:14:44 UTC	-1	-1	0.1769024207169132	1.252	0.1769024207168987	0.0	0.1769024207169277	2.504	0.1769024207203611	299.151	0.1769024207202014	285.353	0.1769024207202569	290.146	0.1769024207202569	290.146	
173	4	3	0.1776441494896707	2457068	15348.454515907548	Feb 14, 2015 16:15:48 UTC	0.1776441494897286	5.002	0.1776441494896707	0.0	0.1776441494896852	1.254	0.1776441494896707	0.0	0.1776441494931476	300.405	0.1776441494929589	284.101	-1	-1	0.1776441494929855	286.398	
174	4	2	0.1801966105833773	2457068	15568.987154403798	Feb 14, 2015 16:19:28 UTC	0.1801966105833918	1.252	0.1801966105834063	2.506	0.1801966105833773	0.0	0.1801966105833773	0.0	-1	-1	0.1801966105863038	252.849	-1	-1	0.1801966105863449	256.401	
175	3	4	0.1815129866445753	2457068	15682.722046091305	Feb 14, 2015 16:21:22 UTC	0.1815129866445753	0.0	0.1815129866445897	1.245	-1	-1	0.1815129866445753	0.0	0.1815129866480087	296.645	0.1815129866478490	282.849	0.1815129866478901	286.398	0.1815129866478611	283.895	
176	4	2	0.1852486399214849	2457068	16005.482489216296	Feb 14, 2015 16:26:45 UTC	0.1852486399214849	0.0	0.1852486399214849	0.0	0.1852486399214994	1.252	0.1852486399214849	0.0	0.1852486399244989	260.408	-1	-1	-1	-1	0.1852486399246117	270.156	
177	3	2	0.2058740437131082	2457068	17787.517376812546	Feb 14, 2015 16:56:27 UTC	0.2058740437131806	6.257	0.2058740437131082	0.0	0.2058740437131516	3.751	-1	-1	0.2058740437161077	259.158	0.2058740437159479	245.35	-1	-1	-1	-1	
178	4	2	0.2108583948133252	2457068	18218.165311871297	Feb 14, 2015 17:03:38 UTC	0.2108583948133541	2.499	0.2108583948133252	0.0	0.2108583948133541	2.499	0.2108583948133252	0.0	0.2108583948167297	294.149	0.2108583948165990	282.856	-1	-1	-1	-1	
179	3	2	0.2112334535029231	2457068	18250.570382652557	Feb 14, 2015 17:04:10 UTC	0.2112334535030099	7.499	0.2112334535029375	1.245	0.2112334535029231	0.0	-1	-1	0.2112334535059514	261.645	0.2112334535059074	257.842	-1	-1	-1	-1	
180	4	2	0.2225873971472084	2457068	19231.551113518806	Feb 14, 2015 17:20:31 UTC	0.2225873971472228	1.245	0.2225873971472228	1.245	0.2225873971472084	0.0	0.2225873971472228	1.245	0.2225873971505985	292.904	0.2225873971504387	279.098	-1	-1	-1	-1	
181	4	2	0.2227496240916962	2457068	19245.567521522553	Feb 14, 2015 17:20:45 UTC	0.2227496240917685	6.245	0.2227496240916962	0.0	0.2227496240917540	4.993	0.2227496240917540	4.993	0.2227496240951731	300.403	-1	-1	-1	-1	0.2227496240950978	293.897	
182	4	2	0.2229327472193872	2457068	19261.389359755052	Feb 14, 2015 17:21:01 UTC	0.2229327472194016	1.245	0.2229327472193872	0.0	0.2229327472195318	12.494	0.2229327472193872	0.0	0.2229327472223143	252.902	0.2229327472222848	250.353	-1	-1	-1	-1	
183	4	3	0.228128246689092	2457068	19710.28051393755	Feb 14, 2015 17:28:30 UTC	0.2281282466891499	5.002	0.2281282466890920	0.0	0.2281282466891354	3.748	0.2281282466891065	1.252	0.2281282466921639	265.41	0.2281282466919896	250.353	0.2281282466921175	261.403	-1	-1	
184	4	2	0.2286323364987275	2457068	19753.833873490057	Feb 14, 2015 17:29:13 UTC	0.2286323364987998	6.247	0.2286323364987709	3.751	0.2286323364987275	0.0	0.2286323364987709	3.751	0.2286323365022188	301.65	-1	-1	-1	-1	0.2286323365021435	295.144	
185	4	2	0.2287779575901192	2457068	19766.4155357863	Feb 14, 2015 17:29:26 UTC	0.2287779575901337	1.252	0.2287779575901192	0.0	0.2287779575901192	0.0	0.2287779575901192	0.0	0.2287779575930897	256.65	0.2287779575930024	249.108	-1	-1	-1	-1	
186	4	3	0.2332292224554549	2457068	20151.004820151305	Feb 14, 2015 17:35:51 UTC	0.2332292224554838	2.496	0.2332292224554694	1.252	0.2332292224554983	3.748	0.2332292224554549	0.0	0.2332292224589318	300.403	0.2332292224588010	289.103	-1	-1	0.2332292224588999	297.648	
187	4	2	0.2440542499318872	2457068	21086.287194115055	Feb 14, 2015 17:51:26 UTC	0.2440542499319306	3.748	0.2440542499319017	1.252	0.2440542499319450	4.993	0.2440542499318872	0.0	0.2440542499350168	270.396	0.2440542499348571	256.6	-1	-1	-1	-1	
188	4	3	0.247003938520125	2457068	21341.140288138802	Feb 14, 2015 17:55:41 UTC	0.2470039385204289	26.257	0.2470039385201395	1.252	0.2470039385201540	2.506	0.2470039385201250	0.0	0.2470039385232402	269.153	0.2470039385230804	255.345	0.2470039385236568	305.146	-1	-1	
189	3	2	0.2474474170341585	2457068	21379.456831751297	Feb 14, 2015 17:56:19 UTC	-1	-1	0.2474474170341875	2.504	0.2474474170341585	0.0	0.2474474170342020	3.758	-1	-1	-1	-1	0.2474474170371551	258.904	0.2474474170371117	255.156	
190	3	2	0.2528182329083918	2457068	21843.49532328505	Feb 14, 2015 18:04:03 UTC	0.2528182329085654	15.002	-1	-1	0.2528182329083918	0.0	0.2528182329084497	5.002	0.2528182329114056	260.393	0.2528182329112171	244.106	-1	-1	-1	-1	
191	4	2	0.2602518437567714	2457068	22485.75930058505	Feb 14, 2015 18:14:45 UTC	0.2602518437568004	2.504	0.2602518437567714	0.0	0.2602518437568004	2.504	0.2602518437567714	0.0	0.2602518437597997	261.645	0.2602518437596978	252.839	-1	-1	-1	-1	
192	3	4	0.2603089582427667	2457068	22490.69399217504	Feb 14, 2015 18:14:50 UTC	0.2603089582427957	2.508	0.2603089582428247	5.012	0.2603089582427667	0.0	-1	-1	0.2603089582457661	259.151	0.2603089582456788	251.607	0.2603089582456910	252.662	0.2603089582456475	248.902	
193	4	2	0.2621114175428101	2457068	22646.42647569879	Feb 14, 2015 18:17:26 UTC	0.2621114175428246	1.252	0.2621114175428392	2.513	0.2621114175428246	1.252	0.2621114175428101	0.0	0.2621114175442616	125.41	0.2621114175441742	117.861	-1	-1	-1	-1	
194	4	2	0.2631442961672026	2457068	22735.667188846302	Feb 14, 2015 18:18:55 UTC	0.2631442961672605	5.002	0.2631442961672026	0.0	0.2631442961672171	1.252	0.2631442961672459	3.741	-1	-1	0.2631442961701000	250.336	0.2631442961700399	245.146	-1	-1	
195	4	2	0.2642415687195029	2457068	22830.47153736505	Feb 14, 2015 18:20:30 UTC	0.2642415687195462	3.741	0.2642415687195029	0.0	0.2642415687195319	2.508	0.2642415687195174	1.252	0.2642415687230809	309.142	0.2642415687228490	289.103	-1	-1	-1	-1	
196	4	3	0.2651086442664646	2457068	22905.38686462254	Feb 14, 2015 18:21:45 UTC	0.2651086442664646	0.0	0.2651086442664792	1.261	0.2651086442664646	0.0	0.2651086442664792	1.261	0.2651086442694207	255.41	0.2651086442693333	247.856	-1	-1	0.2651086442695336	265.165	
197	3	2	0.2705032196578854	2457068	23371.478178441295	Feb 14, 2015 18:29:31 UTC	0.2705032196578854	0.0	0.2705032196578999	1.257	0.2705032196578854	0.0	-1	-1	-1	-1	-1	-1	0.2705032196605492	230.153	0.2705032196607083	243.899	
198	4	3	0.2706137449766933	2457068	23381.027565986304	Feb 14, 2015 18:29:41 UTC	0.2706137449767221	2.484	0.2706137449767078	1.252	0.2706137449766933	0.0	0.2706137449767078	1.252	0.2706137449797216	261.645	0.2706137449795185	244.096	-1	-1	0.2706137449796030	251.396	
199	4	2	0.2734745870982644	2457068	23628.204325290044	Feb 14, 2015 18:33:48 UTC	0.2734745870983079	3.76	0.2734745870982644	0.0	0.2734745870982934	2.508	0.2734745870982789	1.252	0.2734745871017991	305.401	0.2734745871016105	289.103	-1	-1	-1	-1	
200	4	3	0.2776572356524021	2457068	23989.58516036754	Feb 14, 2015 18:39:49 UTC	0.2776572356524167	1.261	0.2776572356524021	0.0	0.2776572356524167	1.261	0.2776572356524021	0.0	0.2776572356555319	270.417	-1	-1	0.2776572356554421	262.657	0.2776572356553987	258.906	
201	4	3	0.2794788100601134	2457068	24146.969189193795	Feb 14, 2015 18:42:26 UTC	0.2794788100601424	2.508	0.2794788100601134	0.0	0.2794788100601424	2.508	0.2794788100601134	0.0	0.2794788100635469	296.657	0.2794788100634161	285.357	0.2794788100635151	293.909	-1	-1	
202	4	4	0.2833279182508108	2457068	24479.53213687005	Feb 14, 2015 18:47:59 UTC	0.2833279182508253	1.257	0.2833279182508108	0.0	0.2833279182508253	1.257	0.2833279182508108	0.0	0.2833279182537957	257.899	0.2833279182537229	251.607	0.2833279182537928	257.645	0.2833279182537205	251.401	
203	4	4	0.2998167302570462	2457068	25904.16549420879	Feb 14, 2015 19:11:44 UTC	0.2998167302570897	3.76	0.2998167302570462	0.0	0.2998167302570752	2.508	0.2998167302570897	3.76	0.2998167302601180	265.405	0.2998167302600306	257.851	0.2998167302601730	270.158	0.2998167302601007	263.909	
204	4	2	0.3053894654348965	2457068	26385.649813575055	Feb 14, 2015 19:19:45 UTC	0.3053894654349253	2.489	0.3053894654348965	0.0	0.3053894654349109	1.247	0.3053894654349109	1.247	0.3053894654379103	260.393	0.3053894654377650	247.842	-1	-1	-1	-1	
205	4	2	0.3082674732857211	2457068	26634.309691886305	Feb 14, 2015 19:23:54 UTC	0.3082674732857499	2.484	0.3082674732857499	2.484	0.3082674732857211	0.0	0.3082674732857354	1.233	0.3082674732887349	260.389	0.3082674732885607	245.338	-1	-1	-1	-1	
206	4	2	0.3120594889198501	2457068	26961.93984267505	Feb 14, 2015 19:29:21 UTC	0.3120594889198789	2.489	0.3120594889198501	0.0	0.3120594889198646	1.257	0.3120594889198646	1.257	0.3120594889228350	257.899	-1	-1	0.3120594889227454	250.153	-1	-1	
207	4	2	0.3135551437247546	2457068	27091.1644178188	Feb 14, 2015 19:31:31 UTC	0.3135551437247835	2.494	0.3135551437247546	0.0	0.3135551437247980	3.746	0.3135551437247835	2.494	-1	-1	0.3135551437280573	285.353	-1	-1	0.3135551437280839	287.65	
208	3	3	0.3179701220637304	2457068	27472.618546306305	Feb 14, 2015 19:37:52 UTC	0.3179701220637882	4.998	0.3179701220637304	0.0	0.3179701220637449	1.257	-1	-1	0.3179701220667731	262.892	0.3179701220667003	256.6	-1	-1	0.3179701220666979	256.393	
209	4	4	0.3297088436516354	2457068	28486.844091501298	Feb 14, 2015 19:54:46 UTC	0.3297088436516644	2.508	0.3297088436516354	0.0	0.3297088436516644	2.508	0.3297088436516499	1.252	0.3297088436546348	259.151	0.3297088436544895	246.595	0.3297088436545885	255.151	0.3297088436545596	252.652	
210	4	2	0.3327048889668409	2457068	28745.702406735054	Feb 14, 2015 19:59:05 UTC	0.3327048889668843	3.751	0.3327048889668409	0.0	0.3327048889668698	2.494	0.3327048889668409	0.0	-1	-1	0.3327048889697239	249.089	0.3327048889697651	252.648	-1	-1	
211	4	2	0.3416949816253332	2457068	29522.446412428788	Feb 14, 2015 20:12:02 UTC	0.3416949816253623	2.518	0.3416949816253332	0.0	0.3416949816253332	0.0	0.3416949816253332	0.0	0.3416949816283906	264.163	0.3416949816282165	249.118	-1	-1	-1	-1	
212	4	3	0.3475101258222227	2457068	30024.87487104004	Feb 14, 2015 20:20:24 UTC	0.3475101258222373	1.261	0.3475101258222227	0.0	0.3475101258222518	2.518	0.3475101258223240	8.753	0.3475101258252078	257.914	0.3475101258251782	255.357	0.3475101258251615	253.914	-1	-1	
213	4	3	0.3483076445860537	2457068	30093.780492235037	Feb 14, 2015 20:21:33 UTC	0.3483076445861262	6.264	0.3483076445860683	1.261	0.3483076445861116	5.002	0.3483076445860537	0.0	0.3483076445891835	270.417	0.3483076445891249	265.353	0.3483076445889925	253.914	-1	-1	
214	3	2	0.3493586001500295	2457068	30184.58305296255	Feb 14, 2015 20:23:04 UTC	0.3493586001500439	1.242	0.3493586001500585	2.504	0.3493586001500295	0.0	-1	-1	0.3493586001529855	255.396	-1	-1	0.3493586001527801	237.65	-1	-1	
215	3	2	0.3511041417664212	2457068	30335.39784861879	Feb 14, 2015 20:25:35 UTC	0.3511041417664647	3.76	0.3511041417664212	0.0	-1	-1	0.3511041417664503	2.513	0.3511041417694497	261.664	-1	-1	0.3511041417693455	252.662	-1	-1	
216	4	4	0.3536182311971071	2457068	30552.615175430055	Feb 14, 2015 20:29:12 UTC	0.3536182311971505	3.751	0.3536182311971071	0.0	0.3536182311971360	2.494	0.3536182311971214	1.233	0.3536182312000775	256.643	0.3536182311999612	246.595	0.3536182311999878	248.892	0.3536182311999589	246.393	
217	4	3	0.3549732664181575	2457068	30669.69021852881	Feb 14, 2015 20:31:09 UTC	0.3549732664181864	2.494	0.3549732664181575	0.0	0.3549732664181864	2.494	0.3549732664181575	0.0	0.3549732664211278	256.633	0.3549732664210116	246.595	-1	-1	0.3549732664210960	253.885	
218	4	2	0.355561355607133	2457068	30720.50112445629	Feb 14, 2015 20:32:00 UTC	0.3555613556071476	1.261	0.3555613556071330	0.0	0.3555613556071330	0.0	0.3555613556071330	0.0	0.3555613556106244	301.659	-1	-1	0.3555613556105347	293.909	-1	-1	
219	4	2	0.3616248383657124	2457068	31244.386034797553	Feb 14, 2015 20:40:44 UTC	0.3616248383657703	5.002	0.3616248383657268	1.242	0.3616248383657124	0.0	0.3616248383657413	2.494	0.3616248383691458	296.643	0.3616248383690006	284.101	-1	-1	-1	-1	
220	4	2	0.36541325333235	2457068	31571.705087915037	Feb 14, 2015 20:46:11 UTC	0.3654132533323791	2.518	0.3654132533323500	0.0	0.3654132533323500	0.0	0.3654132533323500	0.0	0.3654132533353929	262.906	0.3654132533352042	246.604	-1	-1	-1	-1	
221	3	2	0.38088098493018	2457068	32908.11709796755	Feb 14, 2015 21:08:28 UTC	0.3808809849301800	0.0	0.3808809849301800	0.0	0.3808809849302089	2.494	-1	-1	-1	-1	0.3808809849330629	249.079	-1	-1	0.3808809849329450	238.892	
222	3	2	0.3815944576456458	2457068	32969.761140583796	Feb 14, 2015 21:09:29 UTC	0.3815944576456458	0.0	0.3815944576456747	2.494	0.3815944576456458	0.0	-1	-1	0.3815944576486597	260.398	0.3815944576485000	246.6	-1	-1	-1	-1	
223	4	3	0.3832447513045	2457068	33112.3465127088	Feb 14, 2015 21:11:52 UTC	0.3832447513045145	1.257	0.3832447513045000	0.0	0.3832447513045145	1.257	0.3832447513045145	1.257	-1	-1	0.3832447513073541	246.595	0.3832447513073374	245.151	0.3832447513073519	246.408	
224	4	2	0.3839195800122691	2457068	33170.65171306005	Feb 14, 2015 21:12:50 UTC	0.3839195800122691	0.0	0.3839195800122691	0.0	0.3839195800122691	0.0	0.3839195800122835	1.242	0.3839195800152684	259.137	0.3839195800151812	251.607	-1	-1	-1	-1	
225	4	2	0.3844154045023588	2457068	33213.4909490038	Feb 14, 2015 21:13:33 UTC	0.3844154045023588	0.0	0.3844154045023588	0.0	0.3844154045023588	0.0	0.3844154045023588	0.0	0.3844154045053437	257.899	0.3844154045051696	242.854	-1	-1	-1	-1	
226	4	2	0.3945333279962969	2457068	34087.67953888005	Feb 14, 2015 21:28:07 UTC	0.3945333279963547	4.993	0.3945333279963112	1.233	0.3945333279963112	1.233	0.3945333279962969	0.0	0.3945333279992529	255.396	0.3945333279991511	246.6	-1	-1	-1	-1	
227	4	2	0.3983035647555561	2457068	34413.42799488005	Feb 14, 2015 21:33:33 UTC	0.3983035647555996	3.755	0.3983035647556140	5.002	0.3983035647555561	0.0	0.3983035647556140	5.002	0.3983035647585989	262.897	0.3983035647584537	250.35	-1	-1	-1	-1	
228	4	4	0.4001035240856343	2457068	34568.944480998805	Feb 14, 2015 21:36:08 UTC	0.4001035240856631	2.484	0.4001035240856343	0.0	0.4001035240856486	1.233	0.4001035240856343	0.0	0.4001035240890821	297.89	0.4001035240889660	287.856	0.4001035240890359	293.895	0.4001035240889781	288.902	
229	4	2	0.4042996011680561	2457068	34931.485540920046	Feb 14, 2015 21:42:11 UTC	0.4042996011680706	1.257	0.4042996011680851	2.508	0.4042996011680706	1.257	0.4042996011680561	0.0	-1	-1	0.4042996011709536	250.345	-1	-1	0.4042996011709225	247.659	
230	3	2	0.4079246301864735	2457068	35244.68804811131	Feb 14, 2015 21:47:24 UTC	-1	-1	0.4079246301864735	0.0	0.4079246301865168	3.741	0.4079246301864735	0.0	0.4079246301894438	256.633	0.4079246301892842	242.844	-1	-1	-1	-1	
231	4	3	0.4114132043538056	2457068	35546.1008561688	Feb 14, 2015 21:52:26 UTC	0.4114132043538344	2.489	0.4114132043538201	1.257	0.4114132043538056	0.0	0.4114132043538201	1.257	0.4114132043568194	260.393	0.4114132043566308	244.101	-1	-1	0.4114132043566719	247.65	
232	4	2	0.4171122354922894	2457068	36038.4971465338	Feb 14, 2015 22:00:38 UTC	0.4171122354923328	3.751	0.4171122354923039	1.257	0.4171122354922894	0.0	0.4171122354923039	1.257	0.4171122354953322	262.902	0.4171122354952158	252.844	-1	-1	-1	-1	
233	3	2	0.4203562225273588	2457068	36318.7776263638	Feb 14, 2015 22:05:18 UTC	-1	-1	0.4203562225273588	0.0	0.4203562225274022	3.746	0.4203562225273731	1.233	0.4203562225303726	260.389	0.4203562225301984	245.338	-1	-1	-1	-1	
234	4	4	0.4221617643627321	2457068	36474.776440940055	Feb 14, 2015 22:07:54 UTC	0.4221617643627610	2.494	0.4221617643627321	0.0	0.4221617643627610	2.494	0.4221617643627464	1.233	0.4221617643662234	301.645	0.4221617643660348	285.353	0.4221617643661482	295.151	0.4221617643661337	293.895	
235	4	3	0.4227184952148731	2457068	36522.877986565036	Feb 14, 2015 22:08:42 UTC	0.4227184952149022	2.513	0.4227184952148731	0.0	0.4227184952149022	2.513	0.4227184952148731	0.0	0.4227184952178437	256.662	-1	-1	0.4227184952177106	245.161	0.4227184952176673	241.42	
236	4	2	0.4231109166807008	2457068	36556.783201212544	Feb 14, 2015 22:09:16 UTC	0.4231109166807298	2.508	0.4231109166807008	0.0	0.4231109166807298	2.508	0.4231109166807153	1.257	0.4231109166838304	270.398	0.4231109166836128	251.597	-1	-1	-1	-1	
237	4	2	0.4246200038887449	2457068	36687.16833598756	Feb 14, 2015 22:11:27 UTC	0.4246200038888027	4.998	0.4246200038887449	0.0	0.4246200038888170	6.23	0.4246200038888170	6.23	0.4246200038923084	307.89	0.4246200038920764	287.842	-1	-1	-1	-1	
238	4	3	0.4283990257463403	2457068	37013.675824483806	Feb 14, 2015 22:16:53 UTC	0.4283990257463547	1.242	0.4283990257463403	0.0	0.4283990257463403	0.0	0.4283990257463403	0.0	0.4283990257498171	300.393	0.4283990257497154	291.607	0.4283990257497419	293.899	-1	-1	
239	4	2	0.4290626154069017	2457068	37071.00997115631	Feb 14, 2015 22:17:51 UTC	0.4290626154069306	2.494	0.4290626154069160	1.233	0.4290626154069017	0.0	0.4290626154069160	1.233	0.4290626154099010	259.137	0.4290626154097268	244.086	-1	-1	-1	-1	
240	4	2	0.4326800410729028	2457068	37383.5555486988	Feb 14, 2015 22:23:03 UTC	0.4326800410729463	3.755	0.4326800410729028	0.0	0.4326800410729463	3.755	0.4326800410729317	2.494	0.4326800410763362	296.643	-1	-1	0.4326800410762031	285.146	-1	-1	
241	4	4	0.4345686855744219	2457068	37546.73443363005	Feb 14, 2015 22:25:46 UTC	0.4345686855744653	3.751	0.4345686855744219	0.0	0.4345686855744363	1.242	0.4345686855744363	1.242	0.4345686855779132	301.65	0.4345686855777535	287.851	0.4345686855777367	286.398	0.4345686855776933	282.648	
242	4	2	0.4361340891196475	2457068	37681.98529993754	Feb 14, 2015 22:28:01 UTC	0.4361340891196910	3.755	0.4361340891196619	1.242	0.4361340891196764	2.494	0.4361340891196475	0.0	0.4361340891231533	302.902	0.4361340891229937	289.108	-1	-1	-1	-1	
243	4	4	0.4421412931431284	2457068	38201.00772756629	Feb 14, 2015 22:36:41 UTC	0.4421412931431575	2.513	0.4421412931431429	1.252	0.4421412931431575	2.513	0.4421412931431284	0.0	0.4421412931466053	300.403	0.4421412931464166	284.101	0.4421412931464578	287.659	0.4421412931465156	292.657	
244	4	3	0.4438395977207761	2457068	38347.741243075056	Feb 14, 2015 22:39:07 UTC	0.4438395977207906	1.257	0.4438395977207761	0.0	0.4438395977207761	0.0	0.4438395977207761	0.0	0.4438395977242529	300.398	0.4438395977241945	295.353	-1	-1	0.4438395977241053	287.645	
245	4	3	0.4444751792715284	2457068	38402.65548906005	Feb 14, 2015 22:40:02 UTC	0.4444751792716007	6.245	0.4444751792715863	5.002	0.4444751792715284	0.0	0.4444751792715428	1.242	0.4444751792749762	297.89	0.4444751792748743	289.084	-1	-1	0.4444751792749588	296.384	
246	4	4	0.4493041173101858	2457068	38819.87573560006	Feb 14, 2015 22:46:59 UTC	0.4493041173102292	3.746	0.4493041173101858	0.0	0.4493041173102003	1.252	0.4493041173102003	1.252	0.4493041173136916	302.897	0.4493041173134885	285.353	0.4493041173135295	288.892	0.4493041173134716	283.89	
247	4	2	0.4503234372854028	2457068	38907.9449814588	Feb 14, 2015 22:48:27 UTC	0.4503234372854463	3.76	0.4503234372854028	0.0	0.4503234372854318	2.504	0.4503234372854028	0.0	-1	-1	0.4503234372887923	292.854	0.4503234372887899	292.643	-1	-1	
248	4	3	0.4551000914689676	2457068	39320.647902918805	Feb 14, 2015 22:55:20 UTC	0.4551000914690110	3.746	0.4551000914689676	0.0	0.4551000914689821	1.252	0.4551000914689676	0.0	0.4551000914719815	260.398	0.4551000914717928	244.096	-1	-1	0.4551000914718484	248.897	
249	4	2	0.4566962190448501	2457068	39458.55332547505	Feb 14, 2015 22:57:38 UTC	0.4566962190448501	0.0	0.4566962190448501	0.0	0.4566962190448501	0.0	0.4566962190448791	2.508	0.4566962190482980	297.899	0.4566962190481094	281.607	-1	-1	-1	-1	
250	4	4	0.4626656166270549	2457068	39974.309276577544	Feb 14, 2015 23:06:14 UTC	0.4626656166270838	2.494	0.4626656166270549	0.0	0.4626656166270693	1.242	0.4626656166270549	0.0	0.4626656166305462	301.645	0.4626656166304300	291.607	0.4626656166305289	300.154	0.4626656166304855	296.403	
251	4	2	0.4668629240342743	2457068	40336.9566365613	Feb 14, 2015 23:12:16 UTC	0.4668629240342888	1.252	0.4668629240342743	0.0	0.4668629240342888	1.252	0.4668629240342743	0.0	0.4668629240377656	301.645	0.4668629240376204	289.103	-1	-1	-1	-1	
252	4	2	0.4693978651530533	2457068	40555.975549223804	Feb 14, 2015 23:15:55 UTC	0.4693978651530676	1.233	0.4693978651530676	1.233	0.4693978651530533	0.0	0.4693978651530822	2.494	0.4693978651560961	262.897	0.4693978651560232	256.6	-1	-1	-1	-1	
253	4	3	0.4725607343882673	2457068	40829.24745114629	Feb 14, 2015 23:20:29 UTC	0.4725607343882673	0.0	0.4725607343882963	2.508	0.4725607343882673	0.0	0.4725607343882818	1.252	0.4725607343912523	257.904	0.4725607343910926	244.106	-1	-1	0.4725607343911337	247.659	
254	3	2	0.4763564581696765	2457068	41157.197985860046	Feb 14, 2015 23:25:57 UTC	0.4763564581697198	3.741	-1	-1	0.4763564581697344	5.002	0.4763564581696765	0.0	0.4763564581726759	259.151	0.4763564581725740	250.345	-1	-1	-1	-1	
255	4	3	0.479246866292217	2457068	41406.92924764755	Feb 14, 2015 23:30:06 UTC	0.4792468662922749	5.002	0.4792468662922170	0.0	0.4792468662922459	2.494	0.4792468662922170	0.0	0.4792468662952165	259.156	0.4792468662950423	244.106	-1	-1	0.4792468662951990	257.645	
256	3	3	0.4809269518854897	2457068	41552.08864290631	Feb 14, 2015 23:32:32 UTC	0.4809269518855330	3.746	0.4809269518854897	0.0	0.4809269518855185	2.489	-1	-1	-1	-1	0.4809269518883726	249.084	0.4809269518883270	245.146	0.4809269518883848	250.139	
257	3	3	0.4824819506868641	2457068	41686.44053934506	Feb 14, 2015 23:34:46 UTC	0.4824819506868784	1.233	0.4824819506868641	0.0	0.4824819506869074	3.741	-1	-1	0.4824819506898055	254.134	-1	-1	0.4824819506897448	248.892	0.4824819506897303	247.64	
258	4	2	0.4827131712075672	2457068	41706.4179923338	Feb 14, 2015 23:35:06 UTC	0.4827131712076250	4.998	0.4827131712075672	0.0	0.4827131712075960	2.489	0.4827131712075817	1.257	0.4827131712112898	321.636	0.4827131712105081	254.096	-1	-1	-1	-1	
259	4	2	0.4830600474757673	2457068	41736.3881019063	Feb 14, 2015 23:35:36 UTC	0.4830600474758108	3.76	0.4830600474757673	0.0	0.4830600474757963	2.504	0.4830600474757817	1.242	0.4830600474788391	265.405	0.4830600474786360	247.856	-1	-1	-1	-1	
260	4	2	0.4833380256227003	2457068	41760.4054138013	Feb 14, 2015 23:36:00 UTC	0.4833380256227293	2.508	0.4833380256227148	1.252	0.4833380256227003	0.0	0.4833380256227293	2.508	0.4833380256257286	261.645	0.4833380256255977	250.336	-1	-1	-1	-1	
261	4	2	0.4870291428633108	2457068	42079.31794339005	Feb 14, 2015 23:41:19 UTC	0.4870291428633541	3.741	0.4870291428633108	0.0	0.4870291428633396	2.489	0.4870291428633396	2.489	0.4870291428667731	299.146	-1	-1	0.4870291428666979	292.648	-1	-1	
262	4	2	0.4896315511095782	2457068	42304.16601586755	Feb 14, 2015 23:45:04 UTC	0.4896315511096359	4.988	0.4896315511096069	2.48	0.4896315511096359	4.988	0.4896315511095782	0.0	0.4896315511125776	259.151	0.4896315511124902	251.597	-1	-1	-1	-1	
263	4	2	0.4967032360528507	2457068	42915.1595949663	Feb 14, 2015 23:55:15 UTC	0.4967032360529084	4.983	0.4967032360528507	0.0	0.4967032360528941	3.751	0.4967032360528507	0.0	0.4967032360558067	255.396	0.4967032360557337	249.089	-1	-1	-1	-1	